动态规划法
data/beibao0.in  解向量：[0,0,1,1,0,]   耗时：0.0010001659393310547
动态规划法
data/beibao1.in  解向量：[1,0,0,1,1,1,1,0,]   耗时：0.0009856224060058594
动态规划法
data/beibao3.in  解向量：[0,1,0,0,1,0,1,0,0,0,0,0,0,0,0,0,0,0,1,0,1,0,0,0,0,0,0,1,0,0,1,0,1,0,1,1,1,1,1,0,1,1,0,1,0,0,0,0,1,1,0,0,0,0,1,1,0,0,0,0,0,0,0,1,0,0,1,1,1,0,1,0,0,0,0,1,0,1,0,1,1,1,1,1,0,0,0,0,0,0,1,0,1,0,1,0,1,1,1,0,]   耗时：0.040889739990234375
动态规划法
data/beibao6.in  解向量：[0,1,1,0,1,1,1,1,0,0,0,0,1,1,1,1,0,0,1,0,0,1,1,0,1,0,0,0,0,1,0,1,0,0,0,0,1,1,0,0,0,0,1,0,0,1,0,0,1,1,0,0,1,1,0,0,0,0,0,0,0,1,0,0,0,0,0,0,1,0,0,1,0,0,1,1,0,0,1,0,0,0,0,0,0,0,0,1,1,1,0,0,0,0,1,1,1,0,0,0,]   耗时：0.03390789031982422
贪心法
data/beibao4.in  解向量：[1,0,0,0,0,1,0,1,0,0,0,0,0,1,1,1,0,0,1,1,1,0,0,0,0,1,0,0,0,0,1,1,0,1,0,0,1,1,0,0,1,1,1,0,1,0,1,1,1,1,0,1,0,1,1,0,0,1,1,0,1,0,0,0,0,0,1,0,0,0,1,0,0,0,0,0,0,1,0,0,1,1,0,0,0,0,0,1,0,0,1,1,0,1,0,0,0,1,1,1,]   耗时：0.002026796340942383
贪心法
data/beibao7.in  解向量：[0,0,0,0,0,1,1,1,1,1,0,0,1,1,0,1,0,1,0,1,0,1,0,0,0,0,0,1,0,0,0,0,0,0,0,0,0,1,1,0,0,0,0,1,1,1,0,1,0,1,0,0,0,1,0,1,0,1,0,0,0,1,1,0,1,0,1,1,0,0,0,0,0,0,1,0,1,1,0,0,1,0,0,1,1,0,0,0,0,0,0,0,0,0,1,0,0,1,0,0,]   耗时：0.0009987354278564453
回溯法
data/beibao0.in  解向量：[0,0,1,1,0,]   耗时：0.000997304916381836
回溯法
data/beibao2.in  解向量：[1,0,1,0,1,1,1,0,0,1,]   耗时：0.0009706020355224609
贪心法
data/beibao5.in  解向量：[0,1,0,0,0,0,1,0,0,1,0,0,0,0,1,0,0,0,0,0,0,0,1,0,0,0,1,0,1,0,1,1,0,0,0,1,1,1,1,1,1,0,1,1,0,0,0,0,0,1,1,0,0,1,0,1,1,1,0,0,0,0,0,1,0,0,0,0,0,1,0,1,1,0,0,1,0,0,0,0,1,1,1,0,1,0,1,1,0,1,0,1,1,0,1,1,1,1,0,0,]   耗时：0.0010018348693847656
贪心法
data/beibao8.in  解向量：[0,0,0,1,0,1,1,1,1,0,1,0,0,1,0,1,0,1,1,1,0,1,0,0,1,0,0,0,0,0,0,0,0,0,0,0,1,0,1,0,1,0,0,0,1,1,1,1,1,0,0,1,0,1,0,0,0,0,0,1,0,0,0,0,0,0,0,1,0,0,0,1,0,1,0,0,0,1,0,0,0,0,0,0,1,1,1,1,0,0,0,0,0,1,1,1,0,1,0,1,]   耗时：0.000997781753540039
回溯法
data/beibao1.in  解向量：[1,0,0,1,1,1,1,0,]   耗时：0.0
回溯法
data/beibao0.in  解向量：[0,0,1,1,0,]   耗时：0.0
动态规划法
data/beibao6.in  解向量：[0,1,1,0,1,1,1,1,0,0,0,0,1,1,1,1,0,0,1,0,0,1,1,0,1,0,0,0,0,1,0,1,0,0,0,0,1,1,0,0,0,0,1,0,0,1,0,0,1,1,0,0,1,1,0,0,0,0,0,0,0,1,0,0,0,0,0,0,1,0,0,1,0,0,1,1,0,0,1,0,0,0,0,0,0,0,0,1,1,1,0,0,0,0,1,1,1,0,0,0,]   耗时：0.030910968780517578
动态规划法
data/beibao8.in  解向量：[0,0,0,1,0,1,1,1,1,0,1,0,0,1,0,1,0,1,1,1,0,1,0,0,1,0,0,0,0,0,0,0,0,0,0,0,1,0,1,0,1,0,0,0,0,1,1,1,1,0,0,1,0,1,0,0,0,0,0,1,0,0,0,0,0,0,0,0,0,0,0,1,0,1,0,0,0,1,0,0,0,1,0,0,1,1,1,1,0,0,0,0,0,1,1,1,0,1,0,1,]   耗时：0.03091740608215332
动态规划法
data/beibao3.in  解向量：[0,1,0,0,1,0,1,0,0,0,0,0,0,0,0,0,0,0,1,0,1,0,0,0,0,0,0,1,0,0,1,0,1,0,1,1,1,1,1,0,1,1,0,1,0,0,0,0,1,1,0,0,0,0,1,1,0,0,0,0,0,0,0,1,0,0,1,1,1,0,1,0,0,0,0,1,0,1,0,1,1,1,1,1,0,0,0,0,0,0,1,0,1,0,1,0,1,1,1,0,]   耗时：0.03693866729736328
动态规划法
data/beibao2.in  解向量：[1,0,1,0,1,1,1,0,0,1,]   耗时：0.0010275840759277344
贪心法
data/beibao5.in  解向量：[0,1,0,0,0,0,1,0,0,1,0,0,0,0,1,0,0,0,0,0,0,0,1,0,0,0,1,0,1,0,1,1,0,0,0,1,1,1,1,1,1,0,1,1,0,0,0,0,0,1,1,0,0,1,0,1,1,1,0,0,0,0,0,1,0,0,0,0,0,1,0,1,1,0,0,1,0,0,0,0,1,1,1,0,1,0,1,1,0,1,0,1,1,0,1,1,1,1,0,0,]   耗时：0.0009965896606445312
贪心法
data/beibao7.in  解向量：[0,0,0,0,0,1,1,1,1,1,0,0,1,1,0,1,0,1,0,1,0,1,0,0,0,0,0,1,0,0,0,0,0,0,0,0,0,1,1,0,0,0,0,1,1,1,0,1,0,1,0,0,0,1,0,1,0,1,0,0,0,1,1,0,1,0,1,1,0,0,0,0,0,0,1,0,1,1,0,0,1,0,0,1,1,0,0,0,0,0,0,0,0,0,1,0,0,1,0,0,]   耗时：0.0009970664978027344
动态规划法
data/beibao3.in  解向量：[0,1,0,0,1,0,1,0,0,0,0,0,0,0,0,0,0,0,1,0,1,0,0,0,0,0,0,1,0,0,1,0,1,0,1,1,1,1,1,0,1,1,0,1,0,0,0,0,1,1,0,0,0,0,1,1,0,0,0,0,0,0,0,1,0,0,1,1,1,0,1,0,0,0,0,1,0,1,0,1,1,1,1,1,0,0,0,0,0,0,1,0,1,0,1,0,1,1,1,0,]   耗时：0.042882680892944336
贪心法
data/beibao5.in  解向量：[0,1,0,0,0,0,1,0,0,1,0,0,0,0,1,0,0,0,0,0,0,0,1,0,0,0,1,0,1,0,1,1,0,0,0,1,1,1,1,1,1,0,1,1,0,0,0,0,0,1,1,0,0,1,0,1,1,1,0,0,0,0,0,1,0,0,0,0,0,1,0,1,1,0,0,1,0,0,0,0,1,1,1,0,1,0,1,1,0,1,0,1,1,0,1,1,1,1,0,0,]   耗时：0.0009982585906982422
贪心法
data/beibao3.in  解向量：[0,1,0,0,1,0,1,0,0,0,0,0,0,0,0,0,0,0,1,1,1,0,0,0,0,0,0,1,1,0,1,0,1,0,1,1,1,1,1,0,1,1,0,1,0,0,0,0,1,1,0,0,0,0,1,1,0,0,0,0,0,0,0,0,0,0,1,1,1,0,1,0,0,0,0,1,0,1,0,1,1,1,1,1,0,0,0,0,0,0,1,0,1,0,1,0,1,1,1,0,]   耗时：0.0009965896606445312
贪心法
data/beibao1.in  解向量：[1,0,0,1,1,1,1,0,]   耗时：0.0
贪心法
data/beibao4.in  解向量：[1,0,0,0,0,1,0,1,0,0,0,0,0,1,1,1,0,0,1,1,1,0,0,0,0,1,0,0,0,0,1,1,0,1,0,0,1,1,0,0,1,1,1,0,1,0,1,1,1,1,0,1,0,1,1,0,0,1,1,0,1,0,0,0,0,0,1,0,0,0,1,0,0,0,0,0,0,1,0,0,1,1,0,0,0,0,0,1,0,0,1,1,0,1,0,0,0,1,1,1,]   耗时：0.0019845962524414062
